#system parameters
N = 10
L = 10.
m = 0.002
Dr = 20.
seed = 213436111
B = 1.

#swim force parameters
v0 = 10.
VType = sine
w = 0.6283185307179586


#integration parameter
Nt_init = 10000
Nt = 100000
sample_freq = 1
print_freq = 1000
t_unit = 10000
dt = 0.00005
bs = .5
